lake x y coexist elev catcharea lakearea maxdepth species temp1 temp2 temp3
13470 1298500 6601210 0 264 6.16 0.19 14 4 5.65 8.50 10.41
13740 1298000 6606450 0 260 4.97 0.042 16 2 5.65 8.50 10.41
31749 1377100 6396350 0 317 9.34 0.9333 9.9 8 5.89 8.69 10.59
37203 1292760 6517360 0 164 2.27 0.1929 17 6 6.52 9.35 11.19
16689 1393210 6651440 0 304 14.79 1.4012 13.2 5 4.5 7.39 9.31
13832 1298660 6606600 0 263 3.6 0.067 19 2 5.65 8.50 10.41
15527 1323030 6638880 0 161 7.54 0.2227 8 5 4.67 7.52 9.43
14768 1284900 6626940 0 218 4.16 0.1524 27 3 5.65 8.50 10.41
64387 1534540 7004290 0 388 2.57 0.443 24 9 3.04 5.80 7.73
16423 1451600 6663300 0 289 3.68 0.0872 8 4 4.79 7.74 9.68
98812 1664410 7071130 0 244 0.16 0.0103 4 2 3.08 6.03 7.93
527 1510960 6921640 0 354 5.19 0.1841 15 4 3.32 6.11 8.12
89548 1655510 7087910 0 222 0.27 0.0092 4 3 2.51 5.40 7.29
24753 1416600 6789550 0 339 22.32 0.815 9 2 2.87 5.63 7.63
22474 1314990 6741400 0 292 41.22 0.18 12 2 3.09 5.87 7.89
39856 1321120 6593840 0 131 13.56 0.47 12.5 3 5.46 8.39 10.36
14306 1284570 6627860 0 175 29.44 0.3845 9.7 7 5.65 8.50 10.41
17023 1336850 6656800 0 156 13.2 1.4 19 6 4.67 7.52 9.43
15011 1334320 6646680 0 199 16.28 1.1179 38 10 4.67 7.52 9.43
58017 1522120 6937760 0 236 19.83 0.3867 15.8 4 3.05 5.79 7.75
22006 1329710 6710200 0 362 32.84 0.9796 8.6 4 3.91 6.72 8.67
22629 1473240 6740680 0 282 10.86 0.65 13 6 3.74 6.66 8.68
88952 1643130 7093960 0 314 0.74 0.1584 10 2 2.51 5.40 7.29
22162 1327070 6713860 0 377 5.26 0.175 13 2 3.91 6.72 8.67
89424 1641870 7089780 0 307 0.24 0.0407 8 4 2.51 5.40 7.29
98214 1633560 7059930 0 254 6.55 0.11 10 1 3.08 6.03 7.93
22573 1471750 6738890 0 274 24.1 2.98 45 14 3.74 6.66 8.68
13570 1298590 6602080 0 267 5.38 1.08 18 4 5.65 8.50 10.41
17832 1330340 6668560 0 257 38.96 0.1774 18 5 4.67 7.52 9.43
18423 1332890 6704210 0 96 18.4 0.96 22 3 3.91 6.72 8.67
22499 1314600 6743970 0 315 33.57 0.4 12 4 3.09 5.87 7.89
78184 1634220 7124600 0 414 3.98 0.0455 5 3 2.51 5.40 7.29
255 1513130 6767470 0 307 53.68 2.8531 9.6 7 4.37 7.29 9.26
22674 1313490 6739810 0 278 9.4 0.33 9 2 3.09 5.87 7.89
354 1439830 6832800 0 479 12.7 0.0998 11.3 4 2.43 5.18 7.19
19143 1325060 6693010 0 363 1.99 0.1713 16.1 3 3.91 6.72 8.67
18638 1332910 6702520 0 327 88.21 0.97 6.6 3 3.91 6.72 8.67
39788 1323010 6592620 0 225 0.63 0.028 16 3 5.46 8.39 10.36
78911 1719810 7138790 0 240 6.3 0.1394 10 1 2.46 5.44 7.31
18929 1321800 6691720 0 350 1.44 0.0899 9.5 4 3.91 6.72 8.67
39764 1321610 6592410 0 162 8.43 1.11 19 3 5.46 8.39 10.36
39961 1319530 6590710 0 184 1.69 0.44 30 3 5.46 8.39 10.36
78667 1717680 7139770 0 271 1.75 0.0434 8 1 2.46 5.44 7.31
109134 1323900 6640250 0 193 3.58 0.003 2 3 4.67 7.52 9.43
17669 1319540 6669000 0 279 57.52 0.308 20.9 6 4.67 7.52 9.43
31927 1339650 6402400 0 242 2.92 0.6057 29.2 5 6.24 9.03 10.91
18488 1331450 6706170 0 337 49.51 0.08 7 3 3.91 6.72 8.67
436 1530480 6875800 0 257 4.12 0.6781 27.6 5 3.68 6.51 8.52
89339 1642720 7088680 0 318 1.51 0.1514 8 4 2.51 5.40 7.29
78674 1717160 7140180 0 279 0.72 0.0331 5 5 2.46 5.44 7.31
16102 1397480 6662590 0 314 2.04 0.2041 20 1 4.5 7.39 9.31
57892 1336330 6940330 0 592 52.44 0.163 11 5 0.79 3.42 5.40
16352 1325650 6666380 0 336 2.11 0.23 15 3 4.67 7.52 9.43
32779 1332200 6415080 0 150 15 2.6525 24.3 13 6.24 9.03 10.91
89430 1641620 7089550 0 307 2.75 0.2266 3.5 4 2.51 5.40 7.29
22631 1342000 6740680 0 490 1.12 0.185 8 2 3.09 5.87 7.89
39980 1318990 6591470 0 184 6.9 0.48 13 3 5.46 8.39 10.36
19109 1324620 6691460 0 352 3.82 0.4059 16.9 3 3.91 6.72 8.67
89355 1654600 7088730 0 221 1.79 0.1362 11.8 6 2.51 5.40 7.29
39277 1310380 6558230 0 170 6.19 0.1868 12 6 6.25 9.29 11.20
17720 1377300 6669920 0 191 22.25 1.2 19 5 4.5 7.39 9.31
71554 1655220 7112990 0 245 6.56 0.2418 12 2 2.51 5.40 7.29
13133 1286010 6619130 0 215 11.5 0.3812 6 3 5.65 8.50 10.41
65443 1334950 6897620 1 720 83.59 0.41 5 3 0.85 3.57 5.63
14468 1393390 6623220 1 157 60.63 8.85 64 13 5.36 8.31 10.26
85501 1562780 7381450 1 604 18.23 0.043 2.5 2 -1.5 1.37 3.43
59813 1318100 6844650 1 797 1.09 0.2 10 4 1.47 4.17 6.28
57035 1351120 6924620 1 565 1357.34 31.34 48 10 1.5 4.16 6.15
9361 1574400 7404150 1 510 9.54 0.59 13.8 4 -1.34 1.60 3.71
599 1571900 6959900 1 266 137.2 11.39 34 11 3.38 6.22 8.18
3069 1532320 7261450 1 512 165.92 1.47 6 6 0.51 3.31 5.29
56385 1319700 6926310 1 807 60.44 0.099 4 4 0.85 3.57 5.63
65525 1324260 6899280 1 764 95.47 0.15 9 6 0.85 3.57 5.63
16701 1438720 6651830 1 251 8.99 1.62 44 10 4.57 7.48 9.39
22493 1341340 6742000 1 465 12.06 1.5 21 6 3.09 5.87 7.89
65408 1324780 6898420 1 751 98.79 0.064 6 2 0.85 3.57 5.63
13007 1433940 6612390 1 178 105.09 20.41 61 9 5.29 8.27 10.21
38399 1402660 6541740 1 68 5030.82 132.15 75 27 6.01 8.97 10.91
59695 1325580 6846410 1 737 10.32 0.48 5 5 1.47 4.17 6.28
64670 1320820 6905210 1 777 53.2 0.48 10 6 0.85 3.57 5.63
85654 1562080 7381800 1 614 17.5 0.0503 2.5 2 -1.5 1.37 3.43
85511 1563950 7382410 1 605 3.26 0.38 5 2 -1.5 1.37 3.43
1689 1636420 7505590 1 576 1180.69 15.12 30 9 -2.07 0.94 3.03
58261 1546260 6942910 1 277 36.96 10.16 52 11 3.38 6.22 8.18
31187 1292400 6403640 1 90 25.1 2.59 50 8 6.77 9.59 11.43
38292 1253880 6536210 1 38 624.21 6.89 38 12 6.14 9.28 11.13
14553 1509290 6619980 1 85 21.43 3.23 16 8 5.59 8.58 10.50
11870 1588080 7238840 1 327 34.05 6.95 36 10 1.05 3.85 5.76
440 1505270 6879310 1 208 617.72 23.6 17 8 3.68 6.51 8.52
1820 1673400 7572770 1 340 3346.19 330 168 9 -1.75 1.28 3.30
33590 1454970 6447270 1 149 1904.36 130.3 53 22 6.14 9.07 11.02
85715 1563690 7382080 1 608 482.19 1.5 20 4 -1.5 1.37 3.43
59788 1322740 6844520 1 800 1.1 0.22 5 3 1.47 4.17 6.28
73578 1544520 7195630 1 417 2252.81 83.44 140 10 1.16 3.91 5.85
85522 1561620 7382190 1 618 17.01 0.042 2.5 2 -1.5 1.37 3.43
56314 1325440 6924860 1 791 82.63 0.1 3 4 0.85 3.57 5.63
1100 1560910 7221880 1 348 6604.18 170.71 128 13 1.16 3.91 5.85
31253 1302320 6404580 1 121 40.41 7.4 72 13 6.77 9.59 11.43
1599 1673160 7442650 1 370 10031.09 162.7 28.5 8 -0.33 2.56 4.54
56353 1318800 6926960 1 814 58.62 0.74 4 4 0.85 3.57 5.63
54033 1561790 7387970 1 624 430.91 17.06 40 6 -1.5 1.37 3.43
78434 1456400 7126280 1 333 270.89 1.7 23 6 1.7 4.39 6.32
494 1321030 6908090 1 781 32.73 0.34 10 6 0.85 3.57 5.63
1452 1568000 7368000 1 510 975.76 63.38 51 5 -0.99 1.88 3.93
32031 1280910 6398980 1 62 176.09 2.17 22 11 6.77 9.59 11.43
65075 1330650 6907520 1 779 5.39 0.67 9 4 0.85 3.57 5.63
104078 1368660 6295110 1 141 1695.24 173.19 36 20 6.26 9.22 11.13
541 1319670 6931120 1 846 22.07 0.85 30 4 0.79 3.42 5.40
21642 1512800 6723480 1 245 23.24 6.77 48 11 4.7 7.67 9.62
22681 1513060 6740320 1 257 64.13 7.15 32 11 4.37 7.29 9.26
18163 1340000 6696830 1 195 11.7 1.48 19 13 3.91 6.72 8.67
65496 1335070 6900010 1 719 73.85 0.78 5 3 0.85 3.57 5.63
55018 1562710 7384870 1 609 471.3 0.48 4.5 5 -1.5 1.37 3.43
64900 1320700 6908550 1 785 30.79 10.47 28 5 0.85 3.57 5.63
1346 1593660 7330370 1 431 4216.56 226.29 221 11 -0.48 2.44 4.50
42245 1653780 7532510 1 467 1065.26 29.52 36 8 -2.14 0.83 2.86
65009 1320990 6906640 1 780 37.58 0.82 15 5 0.85 3.57 5.63
85720 1561150 7382060 1 622 16.69 2.27 10 5 -1.5 1.37 3.43
3464 1532790 7262860 1 512 165.92 3.37 18 6 0.51 3.31 5.29
533 1324100 6925240 1 796 77.18 0.147 5 4 0.85 3.57 5.63
698 1432550 7021720 1 292 12077.07 446.88 92 20 1.81 4.57 6.52
56381 1321420 6926360 1 803 64.16 0.2 5 4 0.85 3.57 5.63
64853 1334570 6905530 1 780 5.34 0.35 10 4 0.85 3.57 5.63
67035 1455500 6490290 1 88 6485.93 1885.97 86 30 6.15 9.06 11.00
206799 1325812 6897884 1 749 101.17 0.087 6 2 0.85 3.57 5.63
75249 1492920 7199730 1 524 14.86 0.56 7 2 0.72 3.44 5.40
22666 1432750 6739800 1 350 23.66 4.23 29 8 3.24 6.15 8.19
36625 1255210 6527050 1 46 508.09 10.17 24.5 15 6.73 9.84 11.63
65033 1333350 6906380 1 784 2.06 0.32 10 4 0.85 3.57 5.63
65554 1584520 6895290 1 64 55.4 13.55 22.5 11 3.79 6.68 8.69
478 1323200 6901070 1 777 76.34 3.09 24 6 0.85 3.57 5.63
61861 1343670 6882380 1 733 40.71 1.99 24 6 0.85 3.57 5.63
104005 1476050 6319030 1 217 134.22 3.44 24 15 6.38 9.26 11.25
16765 1384780 6653020 1 234 38.78 7.42 74 11 4.5 7.39 9.31
65428 1453280 6898500 1 263 0.44 0.73 14 6 2.74 5.51 7.51
85716 1588310 7382020 1 450 2394.1 66.88 65 9 -1.34 1.60 3.71
83108 1631560 7505090 1 602 27.01 3.89 6.5 6 -2.07 0.94 3.03
210 1455970 6734900 1 161 11966.73 334.66 127 30 4.22 7.17 9.12
58305 1547580 6818030 1 155 32.67 2.04 38 8 4.42 7.53 9.60
96772 1582830 7214770 1 289 12.77 3.14 34 11 1.47 4.28 6.19
93333 1437200 6978530 1 326 492.67 83.08 44 8 1.98 4.69 6.64
54841 1562280 7386040 1 614 443.95 0.44 4.5 4 -1.5 1.37 3.43
14984 1325020 6646210 1 226 26.39 4.06 42 13 4.67 7.52 9.43
14490 1322440 6623370 1 96 45.59 5.82 51 12 5.46 8.39 10.36
29272 1287770 6378860 1 16 562.36 31.51 48.5 17 6.97 9.88 11.71
96166 1513460 7219880 1 454 158.55 0.18 5.5 4 0.72 3.44 5.40
103039 1440830 6251840 1 95 173.67 19.9 42 12 6.73 9.69 11.65
85323 1563020 7381020 1 601 19.01 0.052 2.5 2 -1.5 1.37 3.43
102211 1416200 6238150 1 73 328.39 4.53 25 12 7.3 10.43 12.38
83136 1630440 7504590 1 602 9.5 1.22 3 6 -2.07 0.94 3.03
2260 1568840 7253380 1 436 18.06 0.88 13 5 0.51 3.31 5.29
